6 100
15
37	33	71	6	61	93	40	97	78	17	58	73	31	98	59	100	23	5	2	20	56	35	78	88	55	2	60	3	46	45	92	86	7	52	73	45	38	34	3	30	90	28	4	92	99	78	90	28	6	83	32	18	52	1	36	45	54	31	44	61	97	32	67	31	68	10	27	9	61	67	85	11	25	9	27	64	47	17	49	90	23	67	63	34	1	37	46	10	62	33	7	14	44	99	72	59	65	35	78	32
18	223	23	739	305	438	223	284	722	320	334	256	179	302	550	663	755	463	109	448	487	66	343	137	190	415	701	87	39	116	297	666	385	452	398	359	758	238	641	710	144	651	215	377	701	650	624	325	540	376	383	645	208	260	641	310	702	182	98	287	311	391	280	385	562	605	83	508	133	558	351	736	474	345	744	374	492	128	70	501	573	493	357	212	373	35	387	501	644	557	643	314	283	725	589	107	127	366	121	552
29	16	4	21	7	10	10	10	21	18	28	23	10	12	28	7	30	14	26	22	12	12	10	16	11	26	8	30	2	17	3	12	29	11	27	17	25	14	20	25	25	26	15	5	27	8	18	20	12	17	19	13	26	30	14	19	25	7	6	20	13	2	10	18	8	27	13	22	27	21	27	12	16	12	23	27	15	12	13	21	26	27	23	21	7	30	11	9	30	20	22	27	20	16	25	1	15	6	18	30
800	704	633	709	678	679	760	771	768	803	733	737	700	715	755	668	650	785	802	673	709	792	803	634	731	766	745	649	703	797	793	759	770	638	659	642	661	722	771	704	720	778	686	678	678	677	734	787	642	791	674	719	639	762	796	688	720	773	796	670	684	716	724	782	716	755	659	768	688	639	696	726	726	727	753	678	738	721	708	631	719	645	670	774	653	709	773	637	795	759	633	799	649	762	674	741	771	803	643	703
2	4	4	1	5	6	2	2	2	3	6	3	1	3	5	1	2	5	2	4	3	1	3	2	1	6	5	3	6	3	4	3	2	3	6	2	2	6	6	2	6	3	1	3	6	2	6	4	3	3	4	3	4	6	3	2	2	6	3	2	4	6	4	5	2	6	3	4	5	2	2	5	6	1	5	1	5	1	3	1	1	4	6	5	3	5	4	6	4	4	5	3	2	3	4	6	3	1	6	5
9	10	4	1	4	7	10	10	9	1	7	8	10	10	8	9	10	7	10	4	4	1	1	4	3	5	10	4	7	7	9	3	6	2	8	5	2	6	7	7	8	6	5	10	4	7	10	2	5	2	10	10	4	5	10	6	3	7	8	9	4	1	10	10	3	8	10	5	7	6	4	8	6	9	7	7	3	6	3	3	6	8	2	5	1	1	2	2	1	5	9	9	2	6	4	7	9	6	1	4
0.01
896
13170