6 40
12
19	87	91	5	63	27	51	32	58	82	17	22	88	69	79	3	54	75	39	70	65	54	14	61	64	7	65	95	41	71	17	86	59	60	48	86	99	23	94	58
87	143	12	192	10	261	98	328	271	62	218	56	95	266	194	362	49	166	125	169	113	48	329	209	278	207	316	249	311	111	317	336	166	99	265	132	279	13	278	20
21	1	21	26	24	25	16	20	19	23	24	9	14	24	16	20	9	11	5	28	1	7	29	16	30	22	9	26	20	22	16	8	24	10	14	3	15	4	20	4
332	336	348	302	307	337	303	342	316	321	362	354	365	317	363	361	362	330	343	347	350	364	311	369	309	306	321	331	354	316	340	296	318	317	328	373	366	359	342	294
4	3	6	5	5	5	3	6	3	4	6	6	1	5	5	5	2	4	4	5	5	1	1	2	5	2	4	2	6	4	5	2	5	5	3	3	5	5	5	2
2	4	3	9	4	5	7	8	10	4	10	2	2	7	7	6	10	6	8	6	1	10	9	5	9	4	10	8	1	1	4	1	2	1	4	8	6	5	1	2
0.01
245
2916